-1
109
108
53
15
45
-1
109
111
108
-1
110
-1
-1
63
-1
-1
110
66
-1
-1
-1
79
175
109
6
37
254
42
79
11
179
238
190
9
45
117
88
-1
42
31
225
9
198
-1
26
81
-1
238
39
7
52
39
66
79
109
109
-1
-1
34
78
49
108
6
77
233
212
108
15
-1
39
110
9
54
110
77
16
177
111
-1
47
40
-1
110
109
77
5
196
76
60
205
79
108
80
54
53
198
110
81
79
45
39
78
-1
-1
-1
9
226
62
14
78
77
108
8
3
66
77
46
-1
-1
228
12
227
267
124
10
63
35
-1
-1
-1
192
223
110
78
53
221
49
-1
78
-1
61
4
-1
7
37
32
-1
24
80
7
212
-1
-1
2
-1
-1
175
109
-1
279
-1
-1
-1
198
16
-1
41
110
-1
-1
42
-1
-1
-1
206
66
130
15
277
97
205
-1
-1
10
209
192
-1
62
78
-1
109
77
209
77
-1
24
56
-1
76
-1
81
221
15
78
48
-1
-1
-1
144
124
76
-1
168
77
27
38
37
231
202
234
197
205
77
-1
77
170
-1
-1
-1
108
-1
167
-1
-1
-1
16
42
10
55
17
231
8
3
50
59
77
15
58
11
175
-1
111
18
14
168
172
66
-1
206
40
64
16
16
23
-1
32
77
213
77
124
77
197
78
-1
-1
211
78
-1
77
77
47
94
45
52
227
-1
173
20
56
64
262
192
148
130
-1
94
78
109
63
77
230
38
177
-1
70
84
59
-1
-1
13
18
-1
78
76
60
268
167
76
-1
232
54
25
41
52
15
77
11
51
13
184
51
-1
110
118
218
76
171
-1
-1
173
-1
66
-1
78
166
60
-1
193
-1
225
176
-1
45
51
77
77
22
-1
-1
175
77
277
-1
-1
47
116
-1
57
8
15
7
16
168
254
-1
-1
77
110
-1
127
200
290
64
39
76
50
-1
78
66
12
-1
59
226
-1
108
215
76
213
77
-1
177
175
-1
62
116
171
76
-1
-1
110
-1
77
210
78
-1
44
50
177
65
78
165
78
81
50
75
-1
189
79
78
79
42
-1
81
79
76
77
193
-1
205
78
77
78
25
14
77
60
250
-1
233
295
26
-1
174
110
64
242
77
61
78
220
220
-1
148
-1
233
184
77
-1
61
-1
11
16
-1
63
47
169
77
81
241
-1
232
46
40
-1
-1
76
77
59
-1
176
109
-1
192
67
-1
-1
216
-1
304
-1
128
107
77
229
79
172
78
15
293
78
77
15
168
64
11
76
-1
64
-1
250
-1
192
52
15
185
-1
-1
233
16
62
227
-1
225
116
174
225
238
59
193
78
77
-1
48
235
78
-1
17
167
-1
78
77
146
78
9
110
-1
173
7
219
191
34
91
-1
-1
49
77
45
50
296
238
77
109
-1
81
-1
110
12
65
14
180
267
227
214
78
171
201
197
78
77
232
199
-1
78
194
75
110
-1
47
58
64
213
68
51
178
236
-1
16
76
239
13
231
124
77
77
202
-1
-1
-1
16
170
136
51
77
111
212
211
79
283
-1
209
72
230
113
38
94
130
49
-1
86
18
167
204
-1
210
232
195
224
36
-1
110
227
53
-1
-1
209
-1
77
18
76
169
222
-1
62
15
25
66
43
77
77
77
59
-1
87
80
-1
-1
12
230
13
248
200
81
54
52
77
62
-1
94
77
169
45
281
214
-1
-1
-1
59
-1
210
-1
229
77
-1
81
76
254
62
49
68
18
236
77
46
-1
124
78
234
77
78
77
78
265
49
-1
76
68
78
176
109
227
17
56
77
285
-1
10
-1
87
-1
270
249
229
216
234
203
-1
17
-1
211
195
111
78
108
111
81
50
64
55
59
234
50
16
68
-1
60
79
76
17
73
-1
15
47
189
209
78
102
62
130
55
-1
49
165
50
68
45
40
-1
-1
-1
-1
78
52
-1
115
108
77
49
76
79
175
242
205
-1
62
-1
76
77
77
-1
193
232
78
76
14
215
16
49
77
270
251
109
9
77
63
15
-1
209
39
7
127
80
17
77
202
80
-1
203
77
173
-1
221
-1
49
168
211
-1
187
77
91
220
77
-1
252
31
76
16
202
-1
28
175
176
204
75
66
77
77
64
58
-1
254
142
169
16
197
204
77
-1
47
59
195
109
-1
176
-1
-1
17
254
77
77
60
6
77
-1
79
163
-1
-1
254
62
224
-1
-1
230
14
192
-1
-1
-1
203
-1
2
77
-1
252
86
77
208
76
255
170
47
232
94
62
-1
76
48
199
109
195
-1
-1
-1
235
77
81
-1
169
81
77
60
204
19
234
-1
222
217
-1
66
-1
-1
59
187
46
17
207
54
76
205
14
14
-1
80
221
81
59
183
77
222
-1
-1
-1
11
15
19
65
79
-1
179
178
18
-1
257
109
80
27
63
76
77
16
61
-1
197
76
77
77
-1
68
16
61
78
48
-1
185
77
77
52
197
77
76
77
221
26
-1
77
-1
60
77
168
42
-1
-1
76
76
18
231
196
-1
15
166
150
77
201
75
75
7
67
221
-1
-1
78
195
50
173
17
16
17
77
44
165
-1
50
92
-1
56
9
-1
192
123
-1
-1
77
50
68
2
210
188
-1
15
69
81
60
-1
77
70
-1
-1
249
77
77
42
86
51
205
-1
65
-1
109
11
-1
48
110
-1
178
221
76
170
43
43
42
44
-1
76
77
5
178
215
77
-1
53
169
68
18
-1
77
76
77
7
225
186
208
191
77
187
-1
18
109
230
-1
75
-1
76
217
76
16
110
-1
-1
6
5
156
233
231
-1
24
175
202
202
78
77
64
18
76
76
116
-1
213
-1
86
77
246
-1
60
208
254
-1
-1
47
173
-1
16
-1
9
166
78
77
-1
148
-1
236
78
65
-1
5
229
77
164
40
109
264
11
77
15
225
-1
204
26
-1
60
-1
-1
77
210
165
180
131
53
-1
-1
75
166
165
-1
204
111
63
210
8
14
-1
126
8
16
7
223
133
77
231
144
108
142
150
-1
51
59
16
171
-1
41
77
240
79
46
188
84
207
-1
45
54
77
107
76
195
192
26
-1
63
-1
77
-1
84
109
85
50
79
68
167
51
47
17
-1
110
200
79
53
247
111
77
282
76
-1
-1
-1
67
239
-1
242
-1
9
41
75
198
236
61
4
77
44
-1
176
77
-1
247
16
197
19
-1
77
165
-1
128
109
60
9
198
15
76
77
110
77
61
50
177
168
108
64
-1
17
109
-1
-1
16
-1
-1
47
23
237
-1
-1
14
76
-1
-1
76
-1
-1
48
20
109
14
77
-1
50
71
123
201
18
76
200
-1
48
48
78
207
48
-1
33
77
-1
76
66
209
49
109
59
49
170
235
77
177
32
58
-1
-1
110
51
5
80
-1
64
233
76
226
26
6
223
205
44
-1
84
16
15
49
-1
76
111
109
48
78
202
279
78
-1
242
-1
49
198
11
-1
16
63
229
62
-1
264
76
7
80
188
178
62
-1
-1
43
74
-1
-1
168
50
77
65
26
60
69
49
48
52
77
78
166
77
223
63
195
68
69
-1
60
-1
169
109
234
165
238
-1
52
228
259
177
76
236
77
-1
77
219
16
77
221
16
-1
211
272
187
77
264
60
233
213
54
77
209
77
77
180
-1
198
110
109
-1
49
59
77
42
34
76
76
77
-1
50
200
265
258
77
270
-1
77
191
166
211
-1
76
54
108
-1
30
54
221
-1
76
8
76
51
110
77
15
46
78
176
78
17
208
220
165
77
16
8
111
227
61
211
49
127
108
76
13
-1
233
106
68
108
108
27
191
77
-1
77
22
6
59
17
45
78
45
77
77
15
359
160
78
-1
14
77
170
-1
-1
7
15
63
267
-1
77
-1
-1
53
15
-1
54
77
265
117
77
208
77
166
109
61
110
-1
77
-1
127
109
48
177
168
15
268
77
76
67
-1
-1
77
38
38
50
225
110
-1
63
-1
197
63
49
270
59
65
-1
-1
195
9
165
77
47
232
61
62
45
59
213
109
-1
-1
-1
233
53
-1
76
77
269
199
78
-1
221
-1
63
62
18
-1
188
69
25
93
49
-1
49
-1
-1
-1
255
41
110
196
224
-1
77
76
83
61
35
61
-1
171
77
-1
185
-1
214
77
193
111
167
17
49
-1
17
48
-1
20
63
-1
271
167
131
178
181
76
255
78
-1
134
77
18
-1
25
180
13
-1
254
-1
-1
51
77
77
-1
238
202
79
48
-1
42
-1
78
76
76
77
192
52
108
109
77
264
77
62
108
175
-1
52
47
7
-1
17
77
-1
46
181
233
-1
-1
190
77
76
-1
59
97
63
187
188
-1
77
278
45
-1
197
-1
43
-1
11
30
250
-1
77
128
282
281
17
174
42
43
68
78
-1
254
68
77
75
258
344
63
78
77
-1
-1
77
77
44
8
17
-1
-1
77
-1
56
15
-1
77
212
-1
41
-1
200
77
-1
76
109
60
181
64
199
225
225
-1
132
68
227
109
47
77
108
109
76
76
109
273
-1
-1
-1
77
196
78
243
76
14
175
229
-1
225
61
-1
-1
-1
-1
-1
212
77
80
51
48
-1
35
221
77
-1
76
-1
-1
44
60
187
26
45
49
272
77
-1
61
24
210
54
-1
78
63
78
167
46
-1
11
52
50
77
77
-1
44
203
214
76
-1
-1
-1
43
127
-1
-1
45
44
-1
94
76
171
6
52
50
-1
-1
224
32
77
67
108
260
220
77
226
77
76
208
-1
77
-1
41
46
41
-1
63
268
224
-1
61
203
52
235
8
243
16
-1
-1
78
77
122
-1
349
52
18
7
-1
-1
77
-1
-1
42
77
76
202
166
185
237
-1
236
78
77
76
16
174
77
49
-1
-1
-1
46
48
273
46
236
111
77
79
95
190
16
-1
187
51
178
-1
77
-1
77
-1
14
169
51
-1
15
-1
55
60
195
14
7
77
-1
-1
-1
77
41
195
110
77
16
63
76
78
234
229
-1
66
77
76
17
78
77
108
-1
76
79
-1
44
62
78
-1
178
232
-1
-1
51
77
-1
59
77
-1
76
77
108
56
79
171
-1
-1
15
188
177
64
259
76
80
213
262
109
214
7
41
95
177
76
76
-1
-1
225
67
-1
185
-1
-1
212
-1
-1
244
75
-1
16
194
62
132
76
-1
19
-1
205
192
77
-1
221
196
197
-1
233
218
77
110
-1
31
76
79
78
77
77
325
50
47
-1
-1
108
78
59
180
17
42
8
79
-1
49
108
77
79
-1
186
63
9
14
157
77
188
76
-1
9
68
82
233
46
244
210
237
76
-1
76
54
-1
60
77
78
54
187
222
-1
-1
195
-1
191
76
-1
77
62
295
-1
7
214
-1
77
289
78
275
-1
67
207
78
148
-1
-1
50
78
77
108
77
111
193
233
221
198
51
49
78
108
274
59
221
264
77
-1
109
-1
76
-1
49
-1
17
76
174
8
-1
15
77
110
63
-1
222
92
13
51
-1
222
77
50
21
61
41
50
109
51
274
76
111
-1
236
181
40
-1
78
-1
77
196
54
77
78
50
76
47
76
-1
-1
-1
41
77
-1
222
77
230
58
49
76
31
53
76
-1
108
275
49
-1
-1
15
15
47
62
-1
63
76
-1
47
204
109
77
-1
77
189
76
67
77
-1
59
231
48
-1
53
-1
78
110
-1
50
-1
77
-1
378
8
-1
77
78
194
-1
77
-1
76
77
177
255
77
77
7
220
209
49
133
78
78
108
-1
76
15
20
8
77
130
-1
193
51
122
6
52
197
51
-1
256
38
-1
78
77
-1
77
226
54
-1
59
-1
77
-1
60
59
108
-1
171
278
78
192
8
77
58
69
52
209
175
-1
224
60
78
237
-1
77
55
-1
129
78
169
50
-1
111
168
77
78
-1
15
221
76
62
77
-1
70
-1
77
-1
52
78
75
-1
79
-1
14
-1
110
61
218
268
209
-1
191
109
8
-1
-1
111
169
-1
62
77
79
77
66
77
76
109
54
42
39
-1
28
209
77
130
110
77
10
75
-1
61
-1
76
75
77
6
180
77
16
229
7
253
-1
50
78
-1
215
184
-1
236
62
-1
21
42
221
-1
-1
77
29
-1
11
259
78
40
207
15
-1
-1
167
17
59
-1
-1
-1
68
42
76
59
19
116
180
6
8
13
185
76
76
78
16
115
225
77
298
78
273
230
-1
46
-1
77
51
76
-1
77
77
-1
24
41
41
297
55
178
204
-1
78
264
176
78
49
-1
48
-1
-1
-1
16
77
110
67
50
63
214
-1
-1
-1
77
-1
6
51
236
46
77
230
77
60
16
177
18
49
78
-1
76
78
51
167
109
63
80
29
242
42
58
169
108
77
-1
45
76
-1
-1
-1
61
296
-1
34
-1
77
-1
229
77
198
-1
77
-1
17
77
165
49
122
78
-1
184
175
68
246
16
-1
242
109
79
167
52
58
47
-1
-1
-1
133
198
217
179
77
79
-1
-1
-1
53
-1
37
51
259
61
-1
109
51
42
128
78
61
77
228
201
45
85
11
9
45
59
77
255
38
195
77
223
225
-1
94
34
52
77
253
17
207
-1
52
33
77
38
76
45
77
53
69
16
-1
44
20
120
108
109
-1
77
109
222
-1
46
-1
38
-1
40
16
79
77
-1
48
205
43
50
-1
49
50
78
52
48
76
8
4
14
-1
129
77
-1
47
172
240
202
187
76
95
58
5
37
76
77
220
77
76
186
221
77
15
99
16
184
249
166
-1
62
128
59
-1
77
7
59
-1
62
193
76
16
-1
-1
237
18
16
116
108
-1
77
79
6
46
62
12
76
51
41
65
199
220
45
78
78
167
129
52
17
28
-1
-1
77
48
213
109
27
192
-1
77
190
77
45
-1
76
-1
58
-1
40
68
-1
76
203
265
-1
109
-1
110
78
-1
17
15
77
40
108
214
20
16
-1
44
210
274
187
-1
69
77
213
78
76
-1
-1
-1
-1
19
45
76
77
76
186
76
279
167
249
165
60
8
-1
76
31
-1
76
271
51
79
45
240
262
-1
16
207
63
108
8
-1
77
75
8
78
15
109
207
11
77
76
-1
8
70
-1
169
48
77
59
-1
-1
76
-1
-1
76
16
78
108
-1
78
76
-1
