109
108
53
15
45
109
111
108
110
63
110
66
79
175
109
6
37
254
42
79
11
179
238
190
9
45
117
88
42
31
225
9
198
26
81
238
39
7
52
39
66
79
109
109
34
78
49
108
6
77
233
212
108
15
39
110
9
54
110
77
16
177
111
47
40
110
109
77
5
196
76
60
205
79
108
80
54
53
198
110
81
79
45
39
78
9
226
62
14
78
77
108
8
3
66
77
46
228
12
227
267
124
10
63
35
192
223
110
78
53
221
49
78
61
4
7
37
32
24
80
7
212
2
175
109
279
198
16
41
110
42
206
66
130
15
277
97
205
10
209
192
62
78
109
77
209
77
24
56
76
81
221
15
78
48
144
124
76
168
77
27
38
37
231
202
234
197
205
77
77
170
108
167
16
42
10
55
17
231
8
3
50
59
77
15
58
11
175
111
18
14
168
172
66
206
40
64
16
16
23
32
77
213
77
124
77
197
78
211
78
77
77
47
94
45
52
227
173
20
56
64
262
192
148
130
94
78
109
63
77
230
38
177
70
84
59
13
18
78
76
60
268
167
76
232
54
25
41
52
15
77
11
51
13
184
51
110
118
218
76
171
173
66
78
166
60
193
225
176
45
51
77
77
22
175
77
277
47
116
57
8
15
7
16
168
254
77
110
127
200
290
64
39
76
50
78
66
12
59
226
108
215
76
213
77
177
175
62
116
171
76
110
77
210
78
44
50
177
65
78
165
78
81
50
75
189
79
78
79
42
81
79
76
77
193
205
78
77
78
25
14
77
60
250
233
295
26
174
110
64
242
77
61
78
220
220
148
233
184
77
61
11
16
63
47
169
77
81
241
232
46
40
76
77
59
176
109
192
67
216
304
128
107
77
229
79
172
78
15
293
78
77
15
168
64
11
76
64
250
192
52
15
185
233
16
62
227
225
116
174
225
238
59
193
78
77
48
235
78
17
167
78
77
146
78
9
110
173
7
219
191
34
91
49
77
45
50
296
238
77
109
81
110
12
65
14
180
267
227
214
78
171
201
197
78
77
232
199
78
194
75
110
47
58
64
213
68
51
178
236
16
76
239
13
231
124
77
77
202
16
170
136
51
77
111
212
211
79
283
209
72
230
113
38
94
130
49
86
18
167
204
210
232
195
224
36
110
227
53
209
77
18
76
169
222
62
15
25
66
43
77
77
77
59
87
80
12
230
13
248
200
81
54
52
77
62
94
77
169
45
281
214
59
210
229
77
81
76
254
62
49
68
18
236
77
46
124
78
234
77
78
77
78
265
49
76
68
78
176
109
227
17
56
77
285
10
87
270
249
229
216
234
203
17
211
195
111
78
108
111
81
50
64
55
59
234
50
16
68
60
79
76
17
73
15
47
189
209
78
102
62
130
55
49
165
50
68
45
40
78
52
115
108
77
49
76
79
175
242
205
62
76
77
77
193
232
78
76
14
215
16
49
77
270
251
109
9
77
63
15
209
39
7
127
80
17
77
202
80
203
77
173
221
49
168
211
187
77
91
220
77
252
31
76
16
202
28
175
176
204
75
66
77
77
64
58
254
142
169
16
197
204
77
47
59
195
109
176
17
254
77
77
60
6
77
79
163
254
62
224
230
14
192
203
2
77
252
86
77
208
76
255
170
47
232
94
62
76
48
199
109
195
235
77
81
169
81
77
60
204
19
234
222
217
66
59
187
46
17
207
54
76
205
14
14
80
221
81
59
183
77
222
11
15
19
65
79
179
178
18
257
109
80
27
63
76
77
16
61
197
76
77
77
68
16
61
78
48
185
77
77
52
197
77
76
77
221
26
77
60
77
168
42
76
76
18
231
196
15
166
150
77
201
75
75
7
67
221
78
195
50
173
17
16
17
77
44
165
50
92
56
9
192
123
77
50
68
2
210
188
15
69
81
60
77
70
249
77
77
42
86
51
205
65
109
11
48
110
178
221
76
170
43
43
42
44
76
77
5
178
215
77
53
169
68
18
77
76
77
7
225
186
208
191
77
187
18
109
230
75
76
217
76
16
110
6
5
156
233
231
24
175
202
202
78
77
64
18
76
76
116
213
86
77
246
60
208
254
47
173
16
9
166
78
77
148
236
78
65
5
229
77
164
40
109
264
11
77
15
225
204
26
60
77
210
165
180
131
53
75
166
165
204
111
63
210
8
14
126
8
16
7
223
133
77
231
144
108
142
150
51
59
16
171
41
77
240
79
46
188
84
207
45
54
77
107
76
195
192
26
63
77
84
109
85
50
79
68
167
51
47
17
110
200
79
53
247
111
77
282
76
67
239
242
9
41
75
198
236
61
4
77
44
176
77
247
16
197
19
77
165
128
109
60
9
198
15
76
77
110
77
61
50
177
168
108
64
17
109
16
47
23
237
14
76
76
48
20
109
14
77
50
71
123
201
18
76
200
48
48
78
207
48
33
77
76
66
209
49
109
59
49
170
235
77
177
32
58
110
51
5
80
64
233
76
226
26
6
223
205
44
84
16
15
49
76
111
109
48
78
202
279
78
242
49
198
11
16
63
229
62
264
76
7
80
188
178
62
43
74
168
50
77
65
26
60
69
49
48
52
77
78
166
77
223
63
195
68
69
60
169
109
234
165
238
52
228
259
177
76
236
77
77
219
16
77
221
16
211
272
187
77
264
60
233
213
54
77
209
77
77
180
198
110
109
49
59
77
42
34
76
76
77
50
200
265
258
77
270
77
191
166
211
76
54
108
30
54
221
76
8
76
51
110
77
15
46
78
176
78
17
208
220
165
77
16
8
111
227
61
211
49
127
108
76
13
233
106
68
108
108
27
191
77
77
22
6
59
17
45
78
45
77
77
15
359
160
78
14
77
170
7
15
63
267
77
53
15
54
77
265
117
77
208
77
166
109
61
110
77
127
109
48
177
168
15
268
77
76
67
77
38
38
50
225
110
63
197
63
49
270
59
65
195
9
165
77
47
232
61
62
45
59
213
109
233
53
76
77
269
199
78
221
63
62
18
188
69
25
93
49
49
255
41
110
196
224
77
76
83
61
35
61
171
77
185
214
77
193
111
167
17
49
17
48
20
63
271
167
131
178
181
76
255
78
134
77
18
25
180
13
254
51
77
77
238
202
79
48
42
78
76
76
77
192
52
108
109
77
264
77
62
108
175
52
47
7
17
77
46
181
233
190
77
76
59
97
63
187
188
77
278
45
197
43
11
30
250
77
128
282
281
17
174
42
43
68
78
254
68
77
75
258
344
63
78
77
77
77
44
8
17
77
56
15
77
212
41
200
77
76
109
60
181
64
199
225
225
132
68
227
109
47
77
108
109
76
76
109
273
77
196
78
243
76
14
175
229
225
61
212
77
80
51
48
35
221
77
76
44
60
187
26
45
49
272
77
61
24
210
54
78
63
78
167
46
11
52
50
77
77
44
203
214
76
43
127
45
44
94
76
171
6
52
50
224
32
77
67
108
260
220
77
226
77
76
208
77
41
46
41
63
268
224
61
203
52
235
8
243
16
78
77
122
349
52
18
7
77
42
77
76
202
166
185
237
236
78
77
76
16
174
77
49
46
48
273
46
236
111
77
79
95
190
16
187
51
178
77
77
14
169
51
15
55
60
195
14
7
77
77
41
195
110
77
16
63
76
78
234
229
66
77
76
17
78
77
108
76
79
44
62
78
178
232
51
77
59
77
76
77
108
56
79
171
15
188
177
64
259
76
80
213
262
109
214
7
41
95
177
76
76
225
67
185
212
244
75
16
194
62
132
76
19
205
192
77
221
196
197
233
218
77
110
31
76
79
78
77
77
325
50
47
108
78
59
180
17
42
8
79
49
108
77
79
186
63
9
14
157
77
188
76
9
68
82
233
46
244
210
237
76
76
54
60
77
78
54
187
222
195
191
76
77
62
295
7
214
77
289
78
275
67
207
78
148
50
78
77
108
77
111
193
233
221
198
51
49
78
108
274
59
221
264
77
109
76
49
17
76
174
8
15
77
110
63
222
92
13
51
222
77
50
21
61
41
50
109
51
274
76
111
236
181
40
78
77
196
54
77
78
50
76
47
76
41
77
222
77
230
58
49
76
31
53
76
108
275
49
15
15
47
62
63
76
47
204
109
77
77
189
76
67
77
59
231
48
53
78
110
50
77
378
8
77
78
194
77
76
77
177
255
77
77
7
220
209
49
133
78
78
108
76
15
20
8
77
130
193
51
122
6
52
197
51
256
38
78
77
77
226
54
59
77
60
59
108
171
278
78
192
8
77
58
69
52
209
175
224
60
78
237
77
55
129
78
169
50
111
168
77
78
15
221
76
62
77
70
77
52
78
75
79
14
110
61
218
268
209
191
109
8
111
169
62
77
79
77
66
77
76
109
54
42
39
28
209
77
130
110
77
10
75
61
76
75
77
6
180
77
16
229
7
253
50
78
215
184
236
62
21
42
221
77
29
11
259
78
40
207
15
167
17
59
68
42
76
59
19
116
180
6
8
13
185
76
76
78
16
115
225
77
298
78
273
230
46
77
51
76
77
77
24
41
41
297
55
178
204
78
264
176
78
49
48
16
77
110
67
50
63
214
77
6
51
236
46
77
230
77
60
16
177
18
49
78
76
78
51
167
109
63
80
29
242
42
58
169
108
77
45
76
61
296
34
77
229
77
198
77
17
77
165
49
122
78
184
175
68
246
16
242
109
79
167
52
58
47
133
198
217
179
77
79
53
37
51
259
61
109
51
42
128
78
61
77
228
201
45
85
11
9
45
59
77
255
38
195
77
223
225
94
34
52
77
253
17
207
52
33
77
38
76
45
77
53
69
16
44
20
120
108
109
77
109
222
46
38
40
16
79
77
48
205
43
50
49
50
78
52
48
76
8
4
14
129
77
47
172
240
202
187
76
95
58
5
37
76
77
220
77
76
186
221
77
15
99
16
184
249
166
62
128
59
77
7
59
62
193
76
16
237
18
16
116
108
77
79
6
46
62
12
76
51
41
65
199
220
45
78
78
167
129
52
17
28
77
48
213
109
27
192
77
190
77
45
76
58
40
68
76
203
265
109
110
78
17
15
77
40
108
214
20
16
44
210
274
187
69
77
213
78
76
19
45
76
77
76
186
76
279
167
249
165
60
8
76
31
76
271
51
79
45
240
262
16
207
63
108
8
77
75
8
78
15
109
207
11
77
76
8
70
169
48
77
59
76
76
16
78
108
78
76
